-0.10818868294020177
4.337683106849824e-2
-0.2827333253874153
8.984971463672814e-2
0.35105028526313314
-0.1488952551638961
0.434692453092197
-0.13687773856975985
0.2098272872034094
-0.3595330378823792
8.309740824912744e-2
-1.4304137655723189e-2
4.857338559817746e-2
-6.729175333643312e-3
-0.2716099211452712
-1.0261034928115504
-0.18460837858448198
-0.4769635283934216
-0.4321385901462808
-0.6713466555591243
0.14675427089986662
-0.4349728573127822
-0.44397829570662967
0.48089268557548126
7.987539559390829e-2
4.971994116804653e-2
0.22833460641738026
0.4560774591375088
1.984697215557211e-2
-0.26910536774325305
-0.2015485292715253
0.5003212244633513
0.11220816734497269
-0.2838499776695989
-0.14411950349463493
-0.16533302841390995
-6.663135780224318e-2
-5.629726899911617e-2
-0.7861075794454877
0.18073557554395828
-0.6160203495564169
-0.49370309345103924
-5.217955641492519e-2
-2.3287560819368624e-2
-0.4291795842915788
-0.8034902115391099
-0.460195295848546
-1.1221668148178803
9.448469889667961e-2
-0.20143147022525376
-0.3070337920888758
0.19593940952951175
0.22216846488575823
-0.13573250580166862
-6.521574805813174e-2
0.5424732295234437
-2.8021009716659235e-2
0.46880416984102924
-0.13470029925955168
0.3994114710456006
-7.645179626845017e-2
0.32236971531730174
0.303895694821701
1.24989062890409
-0.15823713104285278
-1.6639992214036097e-2
-0.27566375371311064
0.18170988720250492
0.5565247080849157
-0.18989711837540216
6.060961420541141e-2
-0.6575520858247281
0.11404354463895083
